1772103157463 0.9350109696388245 0
1772103401307 0.959076464176178 1
1772103641967 0.9618861675262451 2
1772103885669 0.9645736813545227 3
1772104141434 0.9679941534996033 4
1772104456531 0.9717810750007629 5
1772104713635 0.9700708389282227 6
1772104997811 0.9699487090110779 7
1772105253784 0.9736135005950928 8
1772105508716 0.9727583527565002 9
1772105735972 0.9730026721954346 10
1772105963192 0.9747129082679749 11
1772106222266 0.9742242693901062 12
1772106475450 0.9772782921791077 13
1772106744167 0.9777669310569763 14
1772106997270 0.9819203615188599 15
1772107261235 0.9816760420799255 16
1772107500769 0.9792328476905823 17
1772107770001 0.9832640886306763 18
1772108005725 0.98008793592453 19
1772109660008 0.9833862781524658 20
1772109905972 0.9831419587135315 21
1772110184346 0.9846078753471375 22
1772110406686 0.9817981719970703 23
