1772103157463 0.0010000000474974513 0
1772103401307 0.0010000000474974513 1
1772103641967 0.0010000000474974513 2
1772103885669 0.0010000000474974513 3
1772104141434 0.0010000000474974513 4
1772104456531 0.0010000000474974513 5
1772104713635 0.0010000000474974513 6
1772104997811 0.0010000000474974513 7
1772105253784 0.0010000000474974513 8
1772105508716 0.0010000000474974513 9
1772105735972 0.0010000000474974513 10
1772105963192 0.0010000000474974513 11
1772106222266 0.0010000000474974513 12
1772106475450 0.0005000000237487257 13
1772106744167 0.0005000000237487257 14
1772106997270 0.0005000000237487257 15
1772107261235 0.0005000000237487257 16
1772107500769 0.0005000000237487257 17
1772107770001 0.0005000000237487257 18
1772108005725 0.0005000000237487257 19
1772109660008 0.0005000000237487257 20
1772109905972 0.0005000000237487257 21
1772110184346 0.0005000000237487257 22
1772110406686 0.0005000000237487257 23
