1772103157463 0.17057162523269653 0
1772103401307 0.11448071151971817 1
1772103641967 0.10079813003540039 2
1772103885669 0.09155478328466415 3
1772104141434 0.09477937966585159 4
1772104456531 0.08160532265901566 5
1772104713635 0.08401424437761307 6
1772104997811 0.08369138091802597 7
1772105253784 0.0762111246585846 8
1772105508716 0.07594947516918182 9
1772105735972 0.07388181239366531 10
1772105963192 0.07228907942771912 11
1772106222266 0.06881404668092728 12
1772106475450 0.060361914336681366 13
1772106744167 0.05566655099391937 14
1772106997270 0.05573364719748497 15
1772107261235 0.051883284002542496 16
1772107500769 0.05204911157488823 17
1772107770001 0.048047371208667755 18
1772108005725 0.0510978102684021 19
1772109660008 0.04758653789758682 20
1772109905972 0.046512674540281296 21
1772110184346 0.04186065122485161 22
1772110406686 0.05177789926528931 23
